520.28;830.25
520.4;697.38
520.52;829.21
520.65;461.63
520.77;156.08
520.9;111.61
521.02;-175.34
521.14;37.71
521.27;127.92
521.39;295.57
521.52;375.72
521.64;276.20
521.76;146.19
521.89;48.81
522.01;9.80
522.13;136.00
522.26;226.44
522.38;169.04
522.51;146.07
522.63;185.97
522.75;197.64
522.88;181.17
523;171.26
523.12;169.39
523.25;162.93
523.37;152.80
523.5;149.71
523.62;158.29
523.74;162.84
523.87;155.54
523.99;159.61
524.11;184.96
524.24;196.81
524.36;198.71
524.48;195.50
524.61;190.13
524.73;195.70
524.86;227.80
524.98;194.31
525.1;172.59
525.23;207.33
525.35;178.09
525.47;192.40
525.6;222.27
525.72;160.99
525.84;187.57
525.97;167.76
526.09;144.19
526.21;136.20
526.34;160.95
526.46;171.25
526.58;144.26
526.71;129.91
526.83;143.25
526.95;152.73
527.08;155.64
527.2;162.08
527.32;168.75
527.45;172.63
527.57;173.02
527.69;175.03
527.81;181.99
527.94;180.67
528.06;163.79
528.18;185.72
528.31;166.52
528.43;162.17
528.55;152.53
528.68;144.93
528.8;142.93
528.92;146.17
529.04;156.85
529.17;167.44
529.29;172.14
529.41;174.65
529.54;173.12
529.66;171.26
529.78;173.04
529.9;174.37
530.03;175.11
530.15;176.02
530.27;176.16
530.4;177.36
530.52;180.77
530.64;177.37
530.76;161.18
530.89;153.81
531.01;167.30
531.13;136.27
531.25;143.48
531.38;136.29
531.5;137.83
531.62;140.93
531.75;144.81
531.87;152.10
531.99;163.06
532.11;174.55
532.24;184.91
532.36;190.37
532.48;186.49
532.6;190.09
532.73;211.90
532.85;180.14
532.97;194.65
533.09;186.95
533.22;183.03
533.34;179.44
533.46;177.17
533.58;174.19
533.7;169.22
533.83;162.31
533.95;152.28
534.07;146.83
534.19;151.64
534.32;141.07
534.44;152.26
534.56;155.40
534.68;155.96
534.8;154.54
534.93;149.90
535.05;144.03
535.17;139.12
535.29;132.53
535.42;124.03
535.54;117.68
535.66;116.89
535.78;121.38
535.9;133.74
536.03;146.12
536.15;152.84
536.27;157.46
536.39;158.02
536.51;158.22
536.64;161.96
536.76;165.04
536.88;167.24
537;167.75
537.12;164.39
537.24;162.35
537.37;164.55
537.49;167.88
537.61;172.65
537.73;151.24
537.85;170.72
537.98;143.25
538.1;159.99
538.22;152.24
538.34;161.96
538.46;165.37
538.58;164.30
538.71;159.95
538.83;150.83
538.95;141.77
539.07;137.14
539.19;137.04
539.31;144.90
539.43;146.43
539.56;131.26
539.68;158.83
539.8;147.87
539.92;151.84
540.04;148.36
540.16;153.04
540.29;174.01
540.41;165.56
540.53;99.03
540.65;210.30
540.77;156.31
540.89;169.26
541.01;154.13
541.13;144.17
541.26;149.41
541.38;153.53
541.5;154.21
541.62;165.02
541.74;189.95
541.86;195.02
541.98;158.98
542.1;131.03
542.23;131.83
542.35;141.88
542.47;170.15
542.59;184.79
542.71;156.67
542.83;114.07
542.95;139.04
543.07;143.98
543.19;137.65
543.32;137.33
543.44;140.37
543.56;143.25
543.68;147.66
543.8;152.68
543.92;157.47
544.04;162.05
544.16;165.84
544.28;168.10
544.4;168.19
544.52;165.01
544.64;157.48
544.77;156.62
544.89;170.45
545.01;174.31
545.13;163.09
545.25;155.79
545.37;160.88
545.49;163.64
545.61;162.87
545.73;161.69
545.85;157.40
545.97;149.08
546.09;135.93
546.21;133.95
546.33;155.40
546.46;175.21
546.58;182.94
546.7;178.73
546.82;150.22
546.94;139.60
547.06;176.27
547.18;157.74
547.3;158.84
547.42;158.82
547.54;167.15
547.66;168.98
547.78;151.75
547.9;144.33
548.02;158.55
548.14;163.84
548.26;149.67
548.38;151.61
548.5;183.54
548.62;143.95
548.74;170.69
548.86;168.60
548.98;171.92
549.1;174.06
549.22;174.17
549.34;172.08
549.46;167.07
549.58;167.56
549.7;180.01
549.82;183.83
549.94;167.86
550.06;156.31
550.18;157.40
550.3;155.59
550.42;149.84
550.54;141.90
550.66;127.70
550.78;123.19
550.9;139.67
551.02;153.19
551.14;154.02
551.26;157.59
551.38;164.21
551.5;170.00
551.62;177.29
551.74;184.76
551.86;191.46
551.98;196.36
552.1;197.80
552.22;195.70
552.34;189.19
552.46;183.99
552.58;184.52
552.7;187.32
552.82;193.11
552.94;191.64
553.06;172.53
553.18;158.71
553.3;160.64
553.42;165.66
553.54;175.24
553.66;159.02
553.78;89.33
553.9;188.45
554.02;124.89
554.14;134.59
554.25;133.26
554.37;132.60
554.49;132.35
554.61;132.87
554.73;134.05
554.85;136.52
554.97;140.82
555.09;146.68
555.21;154.27
555.33;161.25
555.45;165.72
555.57;167.41
555.69;164.75
555.81;160.91
555.93;158.06
556.04;143.03
556.16;131.57
556.28;119.15
556.4;114.63
556.52;117.01
556.64;129.63
556.76;140.80
556.88;141.69
557;141.06
557.12;138.48
557.24;128.23
557.35;109.31
557.47;135.04
557.59;158.84
557.71;129.38
557.83;157.28
557.95;156.83
558.07;160.89
558.19;163.53
558.31;165.49
558.42;166.58
558.54;166.91
558.66;158.62
558.78;151.33
558.9;141.16
559.02;133.32
559.14;117.88
559.26;89.60
559.37;122.42
559.49;109.74
559.61;123.75
559.73;133.06
559.85;136.88
559.97;128.13
560.09;152.91
560.2;145.77
560.32;150.60
560.44;148.96
560.56;151.18
560.68;161.91
560.8;163.41
560.92;145.96
561.03;133.38
561.15;135.21
561.27;130.62
561.39;146.92
561.51;132.70
561.63;144.64
561.74;145.52
561.86;149.41
561.98;153.04
562.1;156.38
562.22;158.42
562.34;158.17
562.45;157.11
562.57;155.89
562.69;153.33
562.81;149.38
562.93;145.82
563.05;143.69
563.16;143.13
563.28;145.10
563.4;147.41
563.52;148.53
563.64;149.92
563.75;151.33
563.87;155.30
563.99;164.26
564.11;170.85
564.23;171.02
564.34;170.09
564.46;168.37
564.58;160.41
564.7;144.13
564.82;140.37
564.93;163.21
565.05;173.78
565.17;153.00
565.29;143.98
565.4;160.54
565.52;166.15
565.64;151.54
565.76;178.53
565.88;169.31
565.99;174.94
566.11;176.29
566.23;177.50
566.35;179.12
566.46;180.23
566.58;180.81
566.7;181.11
566.82;181.02
566.93;180.75
567.05;180.50
567.17;179.44
567.29;177.06
567.4;173.90
567.52;169.96
567.64;165.58
567.76;161.26
567.87;163.24
567.99;176.62
568.11;164.99
568.23;164.37
568.34;167.65
568.46;198.15
568.58;174.39
568.7;187.00
568.81;177.56
568.93;171.75
569.05;149.75
569.16;148.31
569.28;142.73
569.4;142.64
569.52;142.19
569.63;136.84
569.75;132.12
569.87;128.78
569.98;121.79
570.1;109.49
570.22;116.44
570.34;104.14
570.45;108.90
570.57;127.58
570.69;137.58
570.8;125.08
570.92;116.07
571.04;118.14
571.15;120.27
571.27;125.62
571.39;129.55
571.51;126.03
571.62;121.07
571.74;115.27
571.86;113.39
571.97;121.63
572.09;125.38
572.21;116.98
572.32;111.33
572.44;112.31
572.56;109.90
572.67;102.66
572.79;99.09
572.91;102.20
573.02;110.22
573.14;125.28
573.26;138.99
573.37;144.57
573.49;145.32
573.61;138.61
573.72;131.16
573.84;129.11
573.96;129.76
574.07;135.88
574.19;126.41
574.3;84.65
574.42;92.16
574.54;102.82
574.65;118.78
574.77;107.14
574.89;98.31
575;93.25
575.12;98.64
575.24;129.27
575.35;145.54
575.47;124.15
575.58;111.86
575.7;123.72
575.82;128.58
575.93;123.40
576.05;123.11
576.16;128.31
576.28;135.08
576.4;144.74
576.51;142.57
576.63;116.32
576.75;100.29
576.86;112.54
576.98;117.59
577.09;105.64
577.21;95.68
577.33;86.99
577.44;98.65
577.56;105.84
577.67;100.51
577.79;67.50
577.9;128.80
578.02;98.28
578.14;107.98
578.25;109.61
578.37;110.50
578.48;110.80
578.6;109.71
578.72;106.91
578.83;106.69
578.95;112.09
579.06;115.67
579.18;113.95
579.29;97.96
579.41;97.75
579.53;122.51
579.64;122.36
579.76;124.70
579.87;102.18
579.99;82.34
580.1;76.79
580.22;82.59
580.33;110.44
580.45;88.98
580.56;139.60
580.68;87.40
580.8;98.42
580.91;77.75
581.03;117.41
581.14;141.69
581.26;141.06
581.37;131.21
581.49;102.99
581.6;87.55
581.72;112.29
581.83;-42.86
581.95;90.63
582.06;113.88
582.18;93.79
582.29;80.87
582.41;77.96
582.52;87.47
582.64;134.50
582.75;156.84
582.87;116.74
582.99;113.56
583.1;125.06
583.22;119.92
583.33;113.01
583.45;104.34
583.56;102.07
583.68;97.50
583.79;90.44
583.9;94.54
584.02;117.94
584.13;83.63
584.25;107.25
584.36;105.88
584.48;108.45
584.59;110.04
584.71;109.69
584.82;109.31
584.94;109.96
585.05;110.42
585.17;110.81
585.28;109.79
585.4;105.94
585.51;99.80
585.63;90.88
585.74;80.95
585.86;71.58
585.97;64.32
586.08;61.56
586.2;53.85
586.31;34.93
586.43;50.99
586.54;132.45
586.66;48.86
586.77;108.41
586.89;91.17
587;72.94
587.12;65.82
587.23;89.04
587.34;125.80
587.46;177.61
587.57;219.23
587.69;224.25
587.8;270.06
587.92;398.94
588.03;214.31
588.14;665.27
588.26;349.23
588.37;531.62
588.49;235.02
588.6;1223.33
588.71;396.21
588.83;351.51
588.94;434.13
589.06;277.12
589.17;271.90
589.29;117.82
589.4;196.68
589.51;140.42
589.63;64.73
589.74;109.84
589.86;121.62
589.97;153.77
590.08;158.72
590.2;100.52
590.24;58.12
590.31;69.31
590.37;73.41
590.42;64.45
590.5;65.20
590.54;70.73
590.62;80.17
590.65;96.86
590.75;111.98
590.77;119.94
590.88;121.78
590.88;113.71
590.99;97.77
591;75.41
591.11;66.50
591.13;88.58
591.22;112.96
591.26;129.13
591.33;132.14
591.38;103.64
591.45;81.91
591.51;89.45
591.56;96.20
591.64;100.58
591.68;109.87
591.76;118.56
591.79;129.42
591.89;143.95
591.9;157.35
592.02;167.65
592.02;174.21
592.13;174.61
592.14;179.25
592.24;195.60
592.27;203.58
592.36;193.69
592.39;185.55
592.47;184.55
592.52;178.13
592.58;165.04
592.65;156.31
592.7;156.16
592.77;164.15
592.81;184.45
592.9;206.17
592.92;221.33
593.03;233.31
593.04;237.91
593.15;189.50
593.15;179.29
593.26;233.06
593.28;210.26
593.38;214.23
593.4;188.76
593.49;177.58
593.53;201.61
593.6;219.28
593.66;218.09
593.72;225.06
593.78;242.69
593.83;257.35
593.91;267.83
593.94;276.13
594.04;279.53
594.06;281.22
594.16;283.64
594.17;283.69
594.28;281.26
594.29;277.13
594.4;270.87
594.41;269.31
594.51;277.78
594.54;286.05
594.62;289.94
594.67;296.97
594.74;307.79
594.79;318.03
594.85;326.94
594.92;334.43
594.96;338.99
595.04;343.02
595.08;348.04
595.17;352.08
595.19;355.17
595.3;360.49
595.3;369.88
595.42;383.82
595.42;404.10
595.53;421.74
595.55;430.13
595.64;432.02
595.67;424.34
595.75;417.06
595.8;418.57
595.87;423.17
595.93;433.05
595.98;442.83
596.05;446.50
596.09;449.40
596.18;451.22
596.21;452.66
596.3;456.25
596.32;459.66
596.43;462.52
596.43;465.60
596.54;468.47
596.56;471.52
596.66;475.04
596.68;479.04
596.77;483.75
596.81;489.33
596.88;495.95
596.93;503.62
597;512.36
597.06;522.45
597.11;534.03
597.18;545.81
597.22;556.90
597.31;567.44
597.33;576.86
597.44;586.64
597.45;597.92
597.56;609.74
597.56;622.29
597.67;633.91
597.69;642.97
597.78;650.13
597.81;654.81
597.9;657.35
597.94;658.26
598.01;656.39
598.06;651.36
598.12;647.97
598.19;649.51
598.24;655.72
598.32;668.92
598.35;681.73
598.44;688.60
598.46;693.26
598.57;693.99
598.57;695.93
598.69;704.18
598.69;714.84
598.8;728.69
598.82;743.73
598.91;757.00
598.94;770.99
599.02;785.67
599.07;800.15
599.13;814.71
599.19;828.31
599.25;840.15
599.32;849.05
599.36;853.59
599.44;853.05
599.47;846.23
599.57;839.62
599.58;837.98
599.7;839.51
599.7;846.62
599.81;855.27
599.82;861.96
599.92;871.04
599.95;882.80
600.03;897.03
600.07;915.10
600.15;936.08
600.2;959.73
600.26;980.53
600.32;993.71
600.37;1002.76
600.45;1007.25
600.48;1009.86
600.57;1014.38
600.59;1019.54
600.7;1026.92
600.71;1033.67
600.82;1037.34
600.82;1041.41
600.93;1046.47
600.95;1050.93
601.04;1054.93
601.07;1058.41
601.15;1060.93
601.2;1064.64
601.27;1071.02
601.32;1079.56
601.38;1091.02
601.45;1103.31
601.49;1114.71
601.57;1126.11
601.6;1136.79
601.7;1149.89
601.71;1168.01
601.82;1183.22
601.83;1191.33
601.94;1222.87
601.95;1227.50
602.05;1239.56
602.08;1245.75
602.16;1248.60
602.2;1248.82
602.27;1244.40
602.33;1234.64
602.39;1224.66
602.45;1217.67
602.5;1213.22
602.58;1213.59
602.61;1218.71
602.7;1228.63
602.72;1246.99
602.83;1275.91
602.83;1292.92
602.95;1282.00
602.95;1279.14
603.06;1300.00
603.08;1314.25
603.17;1316.33
603.2;1327.24
603.28;1351.39
603.33;1370.22
603.39;1376.95
603.45;1378.19
603.5;1370.84
603.57;1366.33
603.62;1375.19
603.7;1392.16
603.73;1420.81
603.82;1448.86
603.84;1465.10
603.95;1477.17
603.95;1482.42
604.06;1488.98
604.07;1505.67
604.17;1520.75
604.2;1531.49
604.28;1543.29
604.32;1555.17
604.4;1565.68
604.45;1574.89
604.51;1583.04
604.57;1590.09
604.62;1595.31
604.7;1598.29
604.73;1600.21
604.82;1601.69
604.84;1602.24
604.95;1602.13
604.95;1600.80
605.06;1597.69
605.07;1593.34
605.18;1587.73
605.2;1588.39
605.29;1601.28
605.32;1626.12
605.4;1666.74
605.45;1704.06
605.51;1723.45
605.57;1731.28
605.62;1721.06
605.7;1709.04
605.73;1709.47
605.82;1710.01
605.84;1712.63
605.94;1718.20
605.95;1723.16
606.07;1734.53
606.07;1755.64
606.18;1775.13
606.19;1787.28
606.29;1794.84
606.32;1794.31
606.4;1797.58
606.44;1814.23
606.51;1832.76
606.57;1851.81
606.62;1868.49
606.69;1875.71
606.73;1884.35
606.82;1899.27
606.84;1911.32
606.94;1919.12
606.96;1928.12
607.07;1939.20
607.07;1945.13
607.18;1942.21
607.19;1946.13
607.29;1965.60
607.31;1974.89
607.4;1961.99
607.44;1948.85
607.51;1939.99
607.56;1933.25
607.62;1936.13
607.69;1953.51
607.73;1990.96
607.81;2024.75
607.84;2038.39
607.94;2041.86
607.95;2029.05
608.06;2016.18
608.06;2018.68
608.18;2024.10
608.18;2034.68
608.29;2046.84
608.31;2053.44
608.4;2062.14
608.43;2074.22
608.51;2087.13
608.56;2102.06
608.62;2118.11
608.68;2134.37
608.73;2135.27
608.81;2108.13
608.84;2104.04
608.93;2153.99
608.95;2196.28
609.05;2210.11
609.06;2225.02
609.17;2235.30
609.18;2236.43
609.28;2232.82
609.3;2235.16
609.39;2253.65
609.43;2267.08
609.5;2265.67
609.55;2267.60
609.61;2275.94
609.67;2283.09
609.73;2290.08
609.8;2299.21
609.84;2310.29
609.92;2320.19
609.95;2326.83
610.05;2334.03
610.06;2343.05
610.17;2351.61
610.17;2359.77
610.28;2369.04
610.29;2379.90
610.39;2391.14
610.42;2402.34
610.5;2414.37
610.54;2427.33
610.61;2436.67
610.67;2439.19
610.72;2434.97
610.79;2421.72
610.83;2406.96
610.91;2396.34
610.94;2393.66
611.04;2406.52
611.05;2420.50
611.16;2427.34
611.16;2439.51
611.27;2458.11
611.29;2476.38
611.38;2493.50
611.41;2508.70
611.49;2519.31
611.53;2527.28
611.6;2533.24
611.66;2533.98
611.71;2528.32
611.78;2522.60
611.82;2520.64
611.91;2521.35
611.93;2527.20
612.03;2533.02
612.04;2534.74
612.15;2536.60
612.15;2538.34
612.26;2540.75
612.28;2545.90
612.37;2552.13
612.4;2559.31
612.48;2569.10
612.52;2582.05
612.59;2598.57
612.65;2619.50
612.7;2636.05
612.77;2641.66
612.81;2637.50
612.89;2619.63
612.92;2628.90
613.02;2696.95
613.03;2729.79
613.14;2677.97
613.14;2650.88
613.25;2685.31
613.27;2713.00
613.36;2730.32
613.39;2739.12
613.47;2717.08
613.51;2710.25
613.58;2746.39
613.64;2771.36
613.69;2768.69
613.76;2773.51
613.8;2789.16
613.88;2797.51
613.91;2796.80
614.01;2795.90
614.02;2795.98
614.13;2796.58
614.13;2800.61
614.24;2875.83
614.25;2863.49
614.35;2873.58
614.38;2874.87
614.46;2877.14
614.5;2896.09
614.57;2907.02
614.62;2900.34
614.68;2894.03
614.75;2890.55
614.79;2889.89
614.87;2898.81
614.9;2919.54
614.99;2956.00
615.01;2990.42
615.12;3009.80
615.12;3021.37
615.23;3020.12
615.24;3026.81
615.34;3059.56
615.36;3084.70
615.45;3089.84
615.49;3100.66
615.56;3121.17
615.61;3137.22
615.67;3147.40
615.73;3157.07
615.78;3165.73
615.86;3170.85
615.89;3172.06
615.98;3173.22
616;3176.66
616.1;3181.50
616.1;3189.10
616.21;3191.72
616.23;3183.21
616.32;3170.22
616.35;3153.26
616.43;3152.11
616.47;3184.93
616.54;3212.19
616.6;3215.19
616.65;3214.70
616.72;3206.40
616.76;3198.30
616.84;3202.77
616.87;3232.09
616.97;3303.71
616.98;3338.24
617.09;3282.23
617.09;3245.09
617.2;3267.61
617.21;3272.67
617.31;3252.48
617.33;3240.27
617.42;3234.12
617.46;3229.65
617.53;3231.91
617.58;3234.89
617.63;3234.35
617.7;3241.17
617.74;3259.89
617.83;3277.32
617.85;3288.12
617.95;3297.92
617.96;3304.99
618.07;3311.46
618.07;3320.64
618.18;3329.34
618.2;3337.43
618.29;3344.76
618.32;3350.03
618.4;3354.30
618.44;3357.80
618.51;3364.55
618.56;3378.17
618.62;3398.52
618.69;3427.83
618.72;3455.96
618.81;3475.10
618.83;3489.08
618.93;3494.68
618.94;3487.58
619.05;3465.49
619.06;3445.79
619.16;3441.05
619.18;3429.26
619.27;3403.41
619.3;3383.27
619.38;3373.79
619.42;3369.57
619.49;3373.91
619.55;3392.48
619.6;3428.45
619.67;3464.53
619.7;3489.04
619.79;3506.92
619.81;3512.18
619.91;3516.96
619.92;3531.63
620.03;3545.24
620.04;3558.06
620.14;3569.25
620.16;3574.32
620.25;3577.07
620.28;3578.20
620.36;3578.30
620.41;3579.65
620.47;3581.72
620.53;3585.21
620.57;3585.52
620.65;3578.87
620.68;3566.95
620.77;3548.27
620.79;3543.01
620.9;3567.28
620.9;3617.81
621.01;3703.54
621.02;3721.87
621.12;3592.97
621.14;3530.58
621.23;3641.78
621.26;3693.65
621.33;3614.37
621.39;3551.73
621.44;3518.27
621.51;3523.13
621.55;3625.46
621.63;3701.21
621.66;3677.31
621.75;3590.18
621.77;3609.70
621.88;3707.15
621.88;3678.37
621.98;3604.59
622;3646.88
622.09;3643.09
622.12;3653.79
622.2;3671.19
622.24;3690.83
622.31;3720.13
622.36;3761.93
622.42;3768.21
622.49;3704.85
622.53;3662.74
622.61;3686.95
622.63;3696.35
622.73;3674.52
622.74;3684.12
622.85;3740.28
622.85;3778.55
622.96;3772.07
622.98;3741.66
623.07;3673.84
623.1;3662.49
623.17;3785.16
623.22;3872.72
623.28;3850.57
623.34;3838.91
623.39;3846.87
623.47;3844.47
623.5;3852.62
623.59;3855.86
623.61;3842.78
623.71;3842.83
623.72;3868.21
623.82;3888.21
623.83;3891.90
623.93;3894.25
623.95;3892.74
624.04;3891.37
624.08;3897.64
624.15;3906.10
624.2;3917.11
624.25;3928.80
624.32;3937.54
624.36;3946.10
624.44;3954.40
624.47;3972.53
624.56;4009.41
624.58;4021.89
624.69;3982.61
624.69;3954.92
624.79;3965.12
624.81;3974.31
624.9;3983.00
624.93;3996.57
625.01;4005.78
625.05;4015.84
625.12;4027.84
625.17;4038.52
625.23;4047.99
625.3;4053.81
625.33;4053.54
625.42;4056.13
625.44;4067.14
625.54;4078.93
625.55;4090.44
625.66;4097.33
625.66;4093.03
625.76;4030.23
625.78;3997.19
625.87;4074.90
625.91;4134.67
625.98;4216.68
626.03;4222.25
626.09;4212.41
626.15;4181.23
626.19;4127.68
626.27;4070.25
626.3;4044.91
626.39;4089.48
626.41;4155.07
626.51;4234.42
626.52;4291.70
626.62;4279.76
626.64;4267.96
626.73;4283.83
626.76;4284.96
626.84;4275.33
626.88;4282.05
626.95;4314.83
627;4333.26
627.05;4315.88
627.12;4286.67
627.16;4243.32
627.24;4213.68
627.27;4227.94
627.37;4289.69
627.38;4271.23
627.48;4226.06
627.49;4251.70
627.59;4262.94
627.61;4262.91
627.7;4274.62
627.73;4288.68
627.81;4310.52
627.85;4344.06
627.91;4378.77
627.97;4408.90
628.02;4439.08
628.1;4467.33
628.13;4492.06
628.22;4513.37
628.23;4527.45
628.34;4531.62
628.34;4528.52
628.45;4518.58
628.46;4496.45
628.56;4459.52
628.58;4425.05
628.66;4404.29
628.7;4393.92
628.77;4400.50
628.82;4418.76
628.88;4444.07
628.95;4468.51
628.98;4480.84
629.07;4489.68
629.09;4495.54
629.19;4493.28
629.2;4483.51
629.3;4470.89
629.31;4458.77
629.41;4628.97
629.43;4634.84
629.52;4615.79
629.55;4621.04
629.63;4608.72
629.67;4652.17
629.73;4678.22
629.8;4663.39
629.84;4660.07
629.92;4677.10
629.95;4708.26
630.04;4767.99
630.05;4809.20
630.16;4797.73
630.16;4777.19
630.27;4753.97
630.28;4766.53
630.37;4863.50
630.4;4919.26
630.48;4864.80
630.52;4809.74
630.59;4772.76
630.64;4786.81
630.69;4922.43
630.77;4996.43
630.8;4900.62
630.89;4814.16
630.91;4868.71
631.01;4885.14
631.01;4874.32
631.12;4881.75
631.13;4899.80
631.23;4968.10
631.25;5041.12
631.33;5125.29
631.37;5182.23
631.44;5227.13
631.49;5250.07
631.55;5258.51
631.61;5261.56
631.65;5264.50
631.73;5279.86
631.76;5302.37
631.85;5333.71
631.87;5334.71
631.97;5271.95
631.98;5237.27
632.08;5278.14
632.1;5340.28
632.19;5435.08
632.22;5527.63
632.29;5576.70
632.34;5609.06
632.4;5618.51
632.46;5617.04
632.5;5624.81
632.58;5654.26
632.61;5729.07
632.7;5836.61
632.72;5834.32
632.82;5837.75
632.82;5834.56
632.93;5832.21
632.94;5864.78
633.04;5894.43
633.06;5908.97
633.14;5929.24
633.18;5952.90
633.25;6002.20
633.31;6099.35
633.36;6194.92
633.43;6264.66
633.46;6338.46
633.55;6413.84
633.57;6446.74
633.67;6413.21
633.67;6407.92
633.78;6485.53
633.79;6541.49
633.89;6544.92
633.91;6568.00
633.99;6619.74
634.03;6671.34
634.1;6725.59
634.15;6792.55
634.2;6871.98
634.27;6901.81
634.31;6836.15
634.39;6710.94
634.42;6529.23
634.51;6227.43
634.52;6184.71
634.63;6123.87
634.63;6130.70
634.73;6156.92
634.75;6141.74
634.84;6126.83
634.87;6103.65
634.95;6085.82
634.99;6098.40
635.05;6107.20
635.12;6102.70
635.16;6095.05
635.24;6077.43
635.26;6046.14
635.36;5999.49
635.37;5955.53
635.47;5928.10
635.48;5912.84
635.58;5917.14
635.6;5926.78
635.69;5929.97
635.72;5940.22
635.79;5957.69
635.84;5977.69
635.9;6001.30
635.96;6025.07
636;6045.83
636.08;6065.55
636.11;6083.83
636.2;6112.77
636.21;6162.74
636.32;6202.31
636.32;6214.39
636.43;6452.97
636.44;6512.20
636.53;6591.56
636.56;6513.93
636.64;6386.56
636.68;6304.95
636.74;6327.81
636.8;6373.41
636.85;6348.72
636.92;6209.52
636.95;6091.87
637.04;6030.02
637.06;6005.66
637.16;6050.17
637.16;6059.63
637.27;5950.78
637.28;5896.60
637.38;5729.09
637.4;5698.21
637.48;5891.25
637.52;5994.35
637.59;5846.15
637.64;5745.22
637.69;5759.10
637.76;5717.80
637.8;5614.55
637.88;5566.11
637.9;5610.06
638;5729.14
638.01;5701.27
638.11;5513.02
638.12;5492.77
638.22;5680.34
638.24;5711.27
638.32;5514.01
638.36;5445.72
638.43;5470.70
638.48;5490.29
638.53;5512.81
638.6;5500.11
638.64;5500.45
638.72;5549.60
638.74;5578.15
638.84;5570.23
638.85;5597.97
638.95;5692.41
638.96;5704.55
639.06;5552.49
639.08;5459.60
639.16;5369.05
639.2;5376.03
639.27;5538.27
639.32;5676.46
639.37;5678.94
639.44;5683.25
639.48;5690.47
639.56;5672.05
639.58;5656.05
639.68;5631.09
639.69;5595.35
639.79;5573.18
639.8;5577.77
639.9;5585.38
639.92;5587.83
640;5604.20
640.04;5636.95
640.11;5664.62
640.16;5676.82
640.21;5672.34
640.28;5640.40
640.32;5659.20
640.4;5786.96
640.42;5824.16
640.52;5704.14
640.53;5660.49
640.63;5678.42
640.64;5682.49
640.74;5632.86
640.76;5604.90
640.84;5604.38
640.88;5614.58
640.95;5645.03
641;5610.88
641.05;5443.82
641.12;5343.23
641.16;5414.77
641.24;5488.75
641.26;5535.93
641.36;5588.42
641.37;5600.46
641.47;5626.04
641.48;5699.24
641.58;5784.44
641.6;5804.88
641.68;5834.60
641.72;5855.18
641.78;5849.95
641.84;5814.71
641.89;5780.40
641.96;5765.98
641.99;5763.69
642.08;5784.21
642.1;5795.30
642.2;5770.74
642.2;5800.27
642.31;5932.18
642.31;5971.03
642.41;5809.93
642.43;5726.40
642.52;5837.70
642.55;5894.47
642.62;5836.24
642.67;5838.76
642.72;5934.70
642.79;5984.39
642.83;5944.31
642.91;5897.94
642.93;5941.21
643.03;6100.77
643.04;6084.84
643.14;6047.74
643.15;5957.96
643.25;5833.11
643.27;5795.44
643.35;5844.84
643.39;5861.21
643.45;5863.62
643.51;5839.99
643.56;5799.86
643.63;5775.67
643.66;5789.46
643.75;5886.84
643.77;5924.87
643.87;5816.08
643.87;5790.08
643.98;5947.63
643.99;6018.21
644.08;5968.23
644.1;5926.51
644.18;5924.08
644.22;5951.81
644.29;6063.99
644.34;6140.21
644.39;6103.78
644.46;6070.29
644.5;6060.89
644.58;6085.84
644.6;6201.26
644.7;6351.94
644.7;6311.19
644.81;6251.89
644.82;6280.51
644.91;6281.91
644.94;6274.36
645.02;6255.18
645.06;6191.86
645.18;6283.36
645.3;6119.04
645.42;6257.27
645.53;6220.54
645.65;6308.00
645.77;6433.98
645.89;6488.40
646.01;6378.60
646.13;6466.87
646.25;6588.58
646.37;6673.83
646.49;6557.27
646.6;6774.36
646.72;6659.31
646.84;6716.66
646.96;6833.88
647.08;6916.93
647.2;6793.49
647.32;6775.09
647.44;6753.75
647.55;6870.25
647.67;6664.48
647.79;7007.54
647.91;6935.64
648.03;7016.32
648.15;6987.73
648.27;6857.02
648.38;7092.09
648.5;7040.63
648.62;7109.63
648.74;7282.34
648.86;7217.56
648.98;7177.50
649.1;7047.36
649.21;7123.53
649.33;7278.32
649.45;7111.44
649.57;7084.49
649.69;7217.40
649.81;7283.76
649.92;6961.68
650.04;6969.61
650.16;6865.95
650.28;6963.59
650.4;7088.23
650.52;6960.94
650.63;7183.26
650.75;7299.02
650.87;7494.56
650.99;7505.17
651.11;7266.07
651.23;7207.96
651.34;7595.59
651.46;7562.93
651.58;7687.25
651.7;7584.61
651.82;7553.63
651.93;7708.30
652.05;7828.48
652.17;7871.16
652.29;7976.98
652.41;8166.86
652.52;8223.16
652.64;8083.54
652.76;7993.44
652.88;8084.33
653;8245.20
653.11;8561.36
653.23;8710.60
653.35;8803.48
653.47;8931.92
653.58;9119.96
653.7;9444.47
653.82;9510.70
653.94;9662.65
654.06;9824.62
654.17;10014.28
654.29;10274.10
654.41;10817.65
654.53;10870.06
654.64;11556.44
654.76;12030.52
654.88;12434.58
655;13174.64
655.11;13533.84
655.23;14402.22
655.35;15523.64
655.47;16282.17
655.58;17479.82
655.7;18850.58
655.82;20021.21
655.94;19960.94
656.05;19053.15
656.17;18195.54
656.29;16956.19
656.41;16323.60
656.52;15558.08
656.64;14582.75
656.76;13765.92
656.88;13113.08
656.99;13468.42
657.11;12687.17
657.23;12439.41
657.34;12008.39
657.46;11432.85
657.58;11202.01
657.7;10885.67
657.81;10575.31
657.93;10387.92
658.05;10330.25
658.16;9823.16
658.28;9899.41
658.4;9695.85
658.52;9387.77
658.63;9205.80
658.75;9106.76
658.87;9023.17
658.98;8894.62
659.1;8739.74
659.22;8671.12
659.33;8487.11
659.45;8556.94
659.57;8489.16
659.68;8303.18
659.8;8194.82
659.92;8268.46
660.03;8124.80
660.15;8033.91
660.27;8190.90
660.39;7981.15
660.5;7932.97
660.62;7896.10
660.74;7825.00
660.85;7688.99
660.97;7635.30
661.09;7512.56
661.2;7429.03
661.32;7333.99
661.44;7246.38
661.55;7160.84
661.67;7053.71
661.78;6905.19
661.9;6835.01
662.02;6921.86
662.13;6450.19
662.25;6833.75
662.37;6628.18
662.48;6705.92
662.6;6666.71
662.72;6649.01
662.83;6660.71
662.95;6742.33
663.07;6555.86
663.18;6590.87
663.3;6521.87
663.41;6494.18
663.53;6443.90
663.65;6351.47
663.76;6278.27
663.88;6182.09
664;6226.65
664.11;6512.36
664.23;6274.28
664.34;6171.52
664.46;6499.87
664.58;6114.74
664.69;6496.18
664.81;6257.98
664.92;6042.33
665.04;6214.12
665.16;6387.27
665.27;6330.51
665.39;6226.44
665.5;6375.83
665.62;6317.72
665.74;6041.23
665.85;5942.12
665.97;6235.54
666.08;5936.10
666.2;6375.75
666.31;5834.45
666.43;5791.12
666.55;5989.52
666.66;5937.83
666.78;5654.37
666.89;5829.97
667.01;5678.18
667.13;5705.64
667.24;5701.95
667.36;5472.11
667.47;5677.64
667.59;5717.19
667.7;5495.61
667.82;5472.06
667.93;5535.64
668.05;5661.18
668.17;5341.74
668.28;5618.17
668.4;5477.02
668.51;5394.67
668.63;5567.94
668.74;5370.36
668.86;5464.34
668.97;5393.12
669.09;5416.43
669.2;5485.57
669.32;5407.13
669.43;5353.37
669.55;5343.24
669.67;5531.25
669.78;5460.97
669.9;5409.28
670.01;5287.13
670.13;5224.45
670.24;5249.66
670.36;5466.47
670.47;5522.43
670.59;5190.39
670.7;5276.73
670.82;5196.95
670.93;5210.53
671.05;5113.06
671.16;5172.62
671.28;5270.92
671.39;5146.57
671.51;5252.42
671.62;5344.92
671.74;5193.02
671.85;5192.55
671.97;5378.97
672.08;5359.77
672.2;5070.39
672.31;4881.63
672.43;4996.83
672.54;5034.33
672.66;4969.52
672.77;5021.55
672.89;5090.47
673;5040.07
673.12;5135.29
673.23;4905.65
673.34;5176.98
673.46;4869.15
673.57;4909.30
673.69;4930.55
673.8;5182.71
673.92;5081.72
674.03;4815.93
674.15;4998.30
674.26;4902.90
674.38;4962.84
674.49;4812.29
674.6;4678.69
674.72;4820.17
674.83;4946.28
674.95;4881.01
675.06;4871.05
675.18;4882.83
675.29;4817.38
675.41;4644.72
675.52;4579.02
675.63;4749.21
675.75;4794.87
675.86;4547.39
675.98;4487.22
676.09;4598.05
676.21;4699.47
676.32;4774.51
676.43;4808.87
676.55;4588.74
676.66;4704.36
676.78;4588.12
676.89;4659.05
677;4601.25
677.12;4614.21
677.23;4673.10
677.35;4708.86
677.46;4687.34
677.57;4742.41
677.69;4399.26
677.8;4607.68
677.92;4516.20
678.03;4576.95
678.14;4525.83
678.26;4558.48
678.37;4644.29
678.49;4466.24
678.6;4500.51
678.71;4406.38
678.83;4483.31
678.94;4488.86
679.06;4391.54
679.17;4456.83
679.28;4418.00
679.4;4609.75
679.51;4490.85
679.62;4446.51
679.74;4368.88
679.85;4594.77
679.96;4379.12
680.08;4362.32
680.19;4482.83
680.31;4437.90
680.42;4423.13
680.53;4426.04
680.65;4456.00
680.76;4415.71
680.87;4219.54
680.99;4460.54
681.1;4577.93
681.21;4282.73
681.33;4344.49
681.44;4276.03
681.55;4214.81
681.67;4306.57
681.78;4216.84
681.89;4257.05
682.01;4400.14
682.12;4402.02
682.23;4461.40
682.35;4431.65
682.46;4389.87
682.57;4247.62
682.69;4444.37
682.8;4163.55
682.91;4300.22
683.02;4294.28
683.14;4354.62
683.25;4374.96
683.36;4300.38
683.48;4271.53
683.59;4231.84
683.7;4227.03
683.82;4264.91
683.93;4291.52
684.04;4267.33
684.15;4253.91
684.27;4125.73
684.38;4288.66
684.49;4211.52
684.61;4242.59
684.72;4231.39
684.83;4218.86
684.94;4206.56
685.06;4195.93
685.17;4196.46
685.28;4194.79
685.4;4184.87
685.51;4185.01
685.62;4202.29
685.73;4188.06
685.85;4112.58
685.96;4096.54
686.07;4208.64
686.18;4052.95
686.3;4170.79
686.41;4101.65
686.52;4028.51
686.63;4103.66
686.75;4252.61
686.86;3977.40
686.97;4046.32
687.08;4089.27
687.2;4106.30
687.31;4107.64
687.42;3954.82
687.53;4296.14
687.65;4240.72
687.76;4314.50
687.87;4211.30
687.98;4071.96
688.09;3919.96
688.21;4122.95
688.32;4133.21
688.43;4019.68
688.54;4120.36
688.66;4044.13
688.77;3997.21
688.88;3947.79
688.99;3957.92
689.1;3992.51
689.22;4057.85
689.33;4104.94
689.44;4083.92
689.55;4046.35
689.66;3998.08
689.78;3963.30
689.89;3984.08
690;3983.77
690.11;3926.47
690.22;4155.67
690.34;4126.88
690.45;4143.21
690.56;3912.55
690.67;4167.36
690.78;4180.41
690.89;4329.59
691.01;4037.22
691.12;4118.05
691.23;3962.37
691.34;4147.42
691.45;4001.43
691.57;4068.77
691.68;4007.23
691.79;3966.07
691.9;3894.69
692.01;3866.65
692.12;3934.31
692.23;3956.62
692.35;3862.70
692.46;3836.13
692.57;3947.40
692.68;3808.55
692.79;3826.32
692.9;4000.24
693.02;3863.87
693.13;3924.65
693.24;4127.80
693.35;3871.63
693.46;3997.37
693.57;3933.83
693.68;3908.22
693.79;4059.93
693.91;4041.03
694.02;3890.33
694.13;3927.07
694.24;4039.26
694.35;3899.05
694.46;3940.79
694.57;4028.20
694.68;3877.10
694.79;3965.26
694.91;3976.54
695.02;3898.10
695.13;4072.20
695.24;3865.45
695.35;4035.92
695.46;3862.57
695.57;3863.48
695.68;3964.71
695.79;4010.27
695.91;3907.08
696.02;4054.49
696.13;4011.67
696.24;4034.48
696.35;3994.06
696.46;3951.30
696.57;3918.69
696.68;3881.48
696.79;3847.93
696.9;3985.90
697.01;3905.84
697.12;4126.37
697.23;3962.59
697.35;3931.66
697.46;3952.00
697.57;3776.33
697.68;3838.61
697.79;3846.05
697.9;3902.75
698.01;3714.81
698.12;3835.82
698.23;3771.96
698.34;3978.85
698.45;3779.98
698.56;3811.21
698.67;3912.09
698.78;3738.80
698.89;3749.28
699;3807.34
699.11;3861.05
699.22;3793.38
699.33;3769.92
699.44;3816.38
699.55;3832.08
699.66;3794.48
699.77;3791.59
699.89;3852.20
700;3732.63
700.11;3784.90
700.22;3763.00
700.33;3753.28
700.44;3746.31
700.55;3723.82
700.66;3686.94
700.77;3622.40
700.88;3623.89
700.99;3758.52
701.1;3599.74
701.21;3615.07
701.32;3800.87
701.43;3736.47
701.54;3687.23
701.65;3640.51
701.76;3597.54
701.87;3654.61
701.98;3610.84
702.09;3362.67
702.2;3757.75
702.31;3596.85
702.41;3635.69
702.52;3657.51
702.63;3663.91
702.74;3675.38
702.85;3612.51
702.96;3418.25
703.07;3533.39
703.18;3658.21
703.29;3778.28
703.4;3640.11
703.51;3581.02
703.62;3697.44
703.73;3624.07
703.84;3581.56
703.95;3511.35
704.06;3497.99
704.17;3535.79
704.28;3670.34
704.39;3619.68
704.5;3559.26
704.61;3506.57
704.72;3620.26
704.82;3555.24
704.93;3657.35
705.04;3424.57
705.15;3478.96
705.26;3435.93
705.37;3463.95
705.48;3553.51
705.59;3529.70
705.7;3421.86
705.81;3393.74
705.92;3472.12
706.03;3577.83
706.14;3365.65
706.24;3354.28
706.35;3631.80
706.46;3526.98
706.57;3509.46
706.68;3287.48
706.79;3339.02
706.9;3532.68
707.01;3396.51
707.12;3442.90
707.23;3408.13
707.33;3435.20
707.44;3413.05
707.55;3294.15
707.66;3441.12
707.77;3313.26
707.88;3368.45
707.99;3277.27
708.1;3395.71
708.21;3277.01
708.31;3301.19
708.42;3285.49
708.53;3290.60
708.64;3289.50
708.75;3288.89
708.86;3282.34
708.97;3269.19
709.07;3247.26
709.18;3250.53
709.29;3305.24
709.4;3332.52
709.51;3290.56
709.62;3290.33
709.73;3235.35
709.83;3405.46
709.94;3312.91
710.05;3320.24
710.16;3315.92
710.27;3310.97
710.38;3316.82
710.48;3357.93
710.59;3328.85
710.7;3303.24
710.81;3249.75
710.92;3294.85
711.03;3344.74
711.13;3401.86
711.24;3326.62
711.35;3174.92
711.46;3319.83
711.57;3231.94
711.67;3280.78
711.78;3221.40
711.89;3073.41
712;3297.17
712.11;3242.08
712.21;3267.16
712.32;3119.56
712.43;3397.17
712.54;3311.21
712.65;3318.95
712.75;3340.58
712.86;3290.82
712.97;3179.68
713.08;3196.65
713.19;3285.68
713.29;3340.58
713.4;3230.73
713.51;3192.89
713.62;3305.90
713.72;3219.00
713.83;3072.27
713.94;3232.60
714.05;3193.07
714.16;3229.88
714.26;3129.41
714.37;3185.15
714.48;3174.77
714.59;3232.37
714.69;3302.99
714.8;3367.34
714.91;3391.19
715.02;3637.55
715.12;4003.20
715.23;4312.03
715.34;4340.82
715.45;4072.14
715.55;3843.52
715.66;3806.27
715.77;3650.51
715.88;3611.52
715.98;3512.52
716.09;3596.21
716.2;3342.69
716.3;3363.40
716.41;3408.32
716.52;3461.75
716.63;3402.74
716.73;3324.56
716.84;3338.89
716.95;3298.30
717.05;3170.83
717.16;3180.56
717.27;3440.10
717.38;3053.04
717.48;3250.94
717.59;3174.90
717.7;3138.90
717.8;3102.18
717.91;3076.64
718.02;3032.73
718.13;2954.73
718.23;2977.12
718.34;3188.92
718.45;3015.54
718.55;2951.90
718.66;2804.90
718.77;2955.13
718.87;3069.86
718.98;2922.82
719.09;2867.73
719.19;2919.18
719.3;2942.11
719.41;2927.98
719.51;2930.47
719.62;2944.92
719.73;2910.35
719.83;2793.36
719.94;2728.39
720.05;2791.64
720.15;2771.15
720.26;2851.63
720.37;2837.34
720.47;2697.09
720.58;2661.27
720.69;2756.14
720.79;2823.19
720.9;2776.61
721;2752.26
721.11;2759.24
721.22;2770.72
721.32;2772.81
721.43;2777.57
721.54;2765.11
721.64;2775.83
721.75;2832.28
721.85;2847.30
721.96;2773.28
722.07;2726.13
722.17;2751.93
722.28;2750.57
722.39;2699.34
722.49;2790.48
722.6;2711.16
722.7;2748.87
722.81;2754.91
722.92;2732.35
723.02;2617.48
723.13;2762.52
723.23;2779.64
723.34;2803.83
723.45;2628.24
723.55;2589.24
723.66;2730.15
723.76;2497.90
723.87;2470.17
723.98;2614.47
724.08;2597.11
724.19;2693.90
724.29;2747.64
724.4;2722.21
724.5;2543.80
724.61;2699.82
724.72;2742.31
724.82;2672.32
724.93;2622.59
725.03;2585.71
725.14;2609.19
725.24;2667.20
725.35;2744.45
725.45;2756.58
725.56;2611.44
725.67;2524.25
725.77;2602.42
725.88;2612.95
725.98;2485.99
726.09;2556.60
726.19;2550.18
726.3;2586.54
726.4;2567.89
726.51;2535.76
726.61;2478.04
726.72;2447.79
726.82;2493.42
726.93;2545.24
727.04;2583.67
727.14;2601.49
727.25;2560.28
727.35;2726.07
727.46;2651.87
727.56;2620.49
727.67;2489.72
727.77;2654.54
727.88;2519.64
727.98;2548.58
728.09;2612.64
728.19;2721.57
728.3;2572.59
728.4;2562.29
728.51;2433.10
728.61;2545.83
728.72;2503.10
728.82;2509.07
728.93;2412.09
729.03;2561.54
729.14;2641.42
729.24;2523.52
729.35;2558.26
729.45;2367.34
729.56;2469.20
729.66;2470.72
729.76;2419.98
729.87;2421.68
729.97;2504.66
730.08;2545.32
730.18;2492.60
730.29;2571.02
730.39;2465.35
730.5;2461.09
730.6;2544.98
730.71;2500.24
730.81;2394.03
730.92;2481.40
731.02;2443.33
731.12;2454.95
731.23;2388.46
731.33;2365.46
731.44;2430.30
731.54;2535.64
731.65;2366.72
731.75;2379.35
731.85;2398.15
731.96;2440.23
732.06;2472.77
732.17;2499.72
732.27;2471.44
732.38;2446.69
732.48;2443.08
732.58;2285.97
732.69;2373.40
732.79;2356.82
732.9;2282.72
733;2357.47
733.1;2322.85
733.21;2474.86
733.31;2424.79
733.42;2463.62
733.52;2538.37
733.62;2388.70
733.73;2531.69
733.83;2545.93
733.94;2519.53
734.04;2518.17
734.14;2376.14
734.25;2375.33
734.35;2302.39
734.46;2272.78
734.56;2227.06
734.66;2318.40
734.77;2332.50
734.87;2199.20
734.97;2259.96
735.08;2408.12
735.18;2265.88
735.29;2248.84
735.39;2291.81
735.49;2317.71
735.6;2312.47
735.7;2298.90
735.8;2256.04
735.91;2282.27
736.01;2283.88
736.11;2312.10
736.22;2328.45
736.32;2210.68
736.42;2314.49
736.53;2212.12
736.63;2395.99
736.73;2226.02
736.84;2213.01
736.94;2356.59
737.04;2255.72
737.15;2269.48
737.25;2273.59
737.35;2277.79
737.46;2281.65
737.56;2283.89
737.66;2280.11
737.77;2279.54
737.87;2336.53
737.97;2323.46
738.08;2324.62
738.18;2306.06
738.28;2299.54
738.39;2371.21
738.49;2425.02
738.59;2322.43
738.69;2407.24
738.8;2401.81
738.9;2395.49
739;2390.70
739.11;2392.64
739.21;2411.91
739.31;2360.84
739.41;2399.00
739.52;2448.57
739.62;2305.86
739.72;2368.58
739.83;2398.82
739.93;2379.32
740.03;2421.81
740.13;2308.95
740.24;2320.40
740.34;2300.73
740.44;2451.69
740.54;2354.57
740.65;2378.72
740.75;2477.39
740.85;2536.52
740.95;2511.71
741.06;2539.31
741.16;2670.01
741.26;2796.45
741.36;2931.55
741.47;2943.79
741.57;3163.32
741.67;3400.12
741.77;4139.08
741.88;5078.06
741.98;5539.60
742.08;4639.90
742.18;4394.38
742.28;4089.29
742.39;3777.97
742.49;3652.95
742.59;3451.21
742.69;3375.06
742.8;3399.12
742.9;3385.46
743;3248.09
743.1;3143.69
743.2;3247.06
743.31;3432.93
743.41;3752.95
743.51;4361.57
743.61;5352.05
743.71;7376.48
743.82;8785.05
743.92;7999.23
744.02;6791.48
744.12;5834.60
744.22;5115.13
744.33;4727.13
744.43;4366.56
744.53;4170.24
744.63;3868.50
744.73;3784.67
744.83;3745.00
744.94;3648.87
745.04;3452.69
745.14;3321.95
745.24;3373.68
745.34;3433.59
745.44;3478.61
745.55;3581.01
745.65;3731.89
745.75;3827.24
745.85;4057.78
745.95;4298.53
746.05;4605.16
746.15;5691.52
746.26;8460.91
746.36;11769.38
746.46;11938.20
746.56;10007.79
746.66;8358.13
746.76;6991.34
746.86;6483.29
746.97;5696.02
747.07;5424.67
747.17;5023.51
747.27;4895.21
747.37;4658.88
747.47;4400.51
747.57;4360.98
747.67;4101.68
747.78;3900.28
747.88;3623.07
747.98;3636.26
748.08;3212.29
748.18;3291.13
748.28;3353.04
748.38;3284.51
748.48;3243.23
748.58;3219.33
748.68;2945.11
748.79;2819.93
748.89;2706.35
748.99;2966.70
749.09;2671.17
749.19;2692.25
749.29;2620.98
749.39;2467.46
749.49;2657.04
749.59;2443.18
749.69;2545.56
749.79;2580.78
749.89;2608.52
749.99;2610.96
750.1;2516.45
750.2;2448.42
750.3;2466.76
750.4;2445.83
750.5;2350.71
750.6;2284.36
750.7;2292.55
750.8;2265.41
750.9;2173.98
751;2194.82
751.1;2204.40
751.2;2130.75
751.3;2190.04
751.4;2076.71
751.5;2164.47
751.6;2170.18
751.7;2137.96
751.8;2090.53
751.9;2020.87
752;2056.79
752.1;2003.05
752.2;1998.32
752.3;1983.34
752.4;1946.31
752.5;1938.48
752.6;1940.18
752.7;2015.50
752.8;1934.63
752.9;1927.82
753;1999.71
753.1;2021.73
753.2;1948.87
753.3;1982.34
753.4;1962.04
753.5;1962.96
753.6;1922.25
753.7;1930.37
753.8;1891.95
753.9;1804.14
754;1958.41
754.1;1939.64
754.2;1974.63
754.3;1971.09
754.4;1924.40
754.5;1832.75
754.6;1802.76
754.7;1921.98
754.8;1995.28
754.9;1936.10
755;1888.39
755.1;1866.89
755.2;1841.75
755.3;1843.84
755.4;1870.46
755.5;1837.59
755.6;1825.94
755.7;1825.51
755.8;1818.82
755.9;1804.94
756;1816.64
756.09;1738.27
756.19;1757.60
756.29;1928.47
756.39;1717.43
756.49;1753.36
756.59;1800.61
756.69;1820.87
756.79;1732.97
756.89;1864.07
756.99;1820.16
757.09;1823.46
757.19;1783.02
757.29;1742.21
757.38;1741.45
757.48;1830.61
757.58;1857.11
757.68;1733.74
757.78;1668.83
757.88;1743.49
757.98;1942.00
758.08;1795.32
758.18;1813.10
758.28;1626.34
758.37;1826.41
758.47;1696.84
758.57;1711.05
758.67;1661.53
758.77;1699.09
758.87;1728.04
758.97;1729.26
759.07;1615.42
759.17;1671.09
759.26;1577.82
759.36;1712.34
759.46;1666.77
759.56;1681.21
759.66;1653.09
759.76;1647.71
759.86;1655.61
759.95;1670.93
760.05;1684.19
760.15;1696.32
760.25;1658.19
760.35;1691.94
760.45;1637.60
760.54;1639.90
760.64;1683.23
760.74;1688.76
760.84;1607.22
760.94;1557.82
761.04;1587.69
761.13;1728.34
761.23;1610.22
761.33;1643.39
761.43;1718.85
761.53;1577.09
761.63;1566.39
761.72;1500.86
761.82;1517.64
761.92;1566.02
762.02;1656.66
762.12;1716.99
762.21;1678.26
762.31;1513.18
762.41;1625.43
762.51;1640.31
762.61;1622.12
762.7;1624.32
762.8;1643.74
762.9;1619.72
763;1693.37
763.1;1726.68
763.19;1721.63
763.29;1716.10
763.39;1714.92
763.49;1695.66
763.59;1657.76
763.68;1725.63
763.78;1663.31
763.88;1656.84
763.98;1656.71
764.07;1665.71
764.17;1690.66
764.27;1695.53
764.37;1652.33
764.46;1623.13
764.56;1634.96
764.66;1600.56
764.76;1487.21
764.85;1583.42
764.95;1582.30
765.05;1628.08
765.15;1589.11
765.24;1575.69
765.34;1616.26
765.44;1641.31
765.54;1639.43
765.63;1685.92
765.73;1813.32
765.83;2341.24
765.93;4021.82
766.02;4303.25
766.12;2950.22
766.22;1837.86
766.31;1726.08
766.41;1647.19
766.51;1537.48
766.61;1614.36
766.7;1566.84
766.8;1566.72
766.9;1624.85
766.99;1611.17
767.09;1491.16
767.19;1511.28
767.28;1457.02
767.38;1480.71
767.48;1540.22
767.58;1582.98
767.67;1558.15
767.77;1524.88
767.87;1446.48
767.96;1447.89
768.06;1616.49
768.16;1651.87
768.25;1531.47
768.35;1449.55
768.45;1516.73
768.54;1563.79
768.64;1580.23
768.74;1618.65
768.83;1662.07
768.93;1614.17
769.03;1574.82
769.12;1588.74
769.22;1797.45
769.32;2742.34
769.41;3371.12
769.51;2577.30
769.6;1604.99
769.7;1624.05
769.8;1684.98
769.89;1692.58
769.99;1550.13
770.09;1574.71
770.18;1567.97
770.28;1597.14
770.38;1596.77
770.47;1607.00
770.57;1622.90
770.66;1620.91
770.76;1591.51
770.86;1571.16
770.95;1579.60
771.05;1586.79
771.14;1588.81
771.24;1606.05
771.34;1642.22
771.43;1707.62
771.53;1708.69
771.62;1712.31
771.72;1691.31
771.82;1681.06
771.91;1710.70
772.01;1716.33
772.1;1671.58
772.2;1653.00
772.3;1834.84
772.39;1712.50
772.49;1686.27
772.58;1684.22
772.68;1714.26
772.77;1818.21
772.87;1714.33
772.97;1732.37
773.06;1900.00
773.16;1751.56
773.25;1778.85
773.35;1762.29
773.44;1908.16
773.54;1972.41
773.63;1853.89
773.73;1755.84
773.83;1728.59
773.92;1952.39
774.02;1747.40
774.11;2016.25
774.21;1957.96
774.3;2029.04
774.4;2084.19
774.49;2125.14
774.59;2147.11
774.68;2182.32
774.78;2250.77
774.87;2450.34
774.97;2499.14
775.07;2617.30
775.16;2733.28
775.26;2806.65
775.35;2808.88
775.45;3027.97
775.54;3009.09
775.64;3140.26
775.73;3355.10
775.83;3706.26
775.92;3728.35
776.02;4267.28
776.11;4806.95
776.21;5555.66
776.3;6343.54
776.4;7802.35
776.49;10325.34
776.59;14820.84
776.68;19300.09
776.77;20923.86
776.87;20831.34
776.96;20527.15
777.06;17643.51
777.15;13945.06
777.25;10826.08
777.34;8733.06
777.44;7428.55
777.53;6268.14
777.63;5690.79
777.72;5077.05
777.82;4654.03
777.91;4447.81
778.01;3912.36
778.1;3605.96
778.19;3456.90
778.29;3305.04
778.38;3093.69
778.48;2913.40
778.57;2813.34
778.67;2821.31
778.76;2645.06
778.85;2534.78
778.95;2422.88
779.04;2323.72
779.14;2264.41
779.23;2246.10
779.33;2282.51
779.42;2258.13
779.51;2085.27
779.61;1973.66
779.7;2019.69
779.8;2022.43
779.89;1930.83
779.98;1873.31
780.08;1865.56
780.17;1856.74
780.27;1852.72
780.36;1834.97
780.45;1775.70
780.55;1726.93
780.64;1713.21
780.74;1700.72
780.83;1690.14
780.92;1656.06
781.02;1693.82
781.11;1589.67
781.21;1583.11
781.3;1543.57
781.39;1549.27
781.49;1529.51
781.58;1452.93
781.67;1589.70
781.77;1454.50
781.86;1512.58
781.95;1466.64
782.05;1436.62
782.14;1498.70
782.24;1497.65
782.33;1537.67
782.42;1515.40
782.52;1410.39
782.61;1352.89
782.7;1432.47
782.8;1483.84
782.89;1459.09
782.98;1387.32
783.08;1411.93
783.17;1394.84
783.26;1377.47
783.36;1363.17
783.45;1348.87
783.54;1338.13
783.64;1334.18
783.73;1349.26
783.82;1394.72
783.92;1369.09
784.01;1319.76
784.1;1284.73
784.19;1333.31
784.29;1358.28
784.38;1327.53
784.47;1282.30
784.57;1208.78
784.66;1212.72
784.75;1385.60
784.85;1205.33
784.94;1305.04
785.03;1267.99
785.12;1269.98
785.22;1262.07
785.31;1246.15
785.4;1206.65
785.49;1125.96
785.59;1164.42
785.68;1157.05
785.77;1101.06
785.87;1129.27
785.96;1225.27
786.05;1207.56
786.14;1219.34
786.24;1189.95
786.33;1352.55
786.42;1218.80
786.51;1207.13
786.61;1242.35
786.7;1247.70
786.79;1197.44
786.88;1163.87
786.98;1163.76
787.07;1163.42
787.16;1165.14
787.25;1175.80
787.35;1190.09
787.44;1188.82
787.53;1204.67
787.62;1218.75
787.71;1200.85
787.81;1206.43
787.9;1248.19
787.99;1095.82
788.08;1191.44
788.17;1190.22
788.27;1182.38
788.36;1183.15
788.45;1192.58
788.54;1193.54
788.64;1182.06
788.73;1177.35
788.82;1188.41
788.91;1199.49
789;1207.72
789.09;1249.09
789.19;1193.87
789.28;1235.12
789.37;1197.73
789.46;1189.96
789.55;1178.48
789.65;1286.26
789.74;1208.34
789.83;1178.89
789.92;1126.98
790.01;1215.10
790.1;1136.97
790.2;1145.56
790.29;1177.59
790.38;1208.79
790.47;1227.58
790.56;1228.35
790.65;1190.58
790.74;1170.05
790.84;1202.52
790.93;1194.45
791.02;1169.54
791.11;1169.82
791.2;1170.41
791.29;1156.86
791.38;1099.89
791.48;1085.62
791.57;1151.95
791.66;1200.58
791.75;1190.86
791.84;1185.01
791.93;1182.88
792.02;1179.31
792.11;1191.50
792.21;1199.85
792.3;1195.33
792.39;1241.54
792.48;1222.12
792.57;1238.44
792.66;1277.04
792.75;1234.93
792.84;1261.32
792.93;1250.27
793.02;1238.54
793.12;1249.02
793.21;1303.57
793.3;1343.81
793.39;1340.20
793.48;1275.20
793.57;1374.62
793.66;1443.52
793.75;1528.67
793.84;1627.83
793.93;1721.96
794.02;1879.87
794.11;2147.53
794.2;2402.18
794.3;2585.49
794.39;2569.43
794.48;2621.35
794.57;2580.79
794.66;2580.48
794.75;2509.24
794.84;2332.05
794.93;2075.79
795.02;1781.73
795.11;1916.61
795.2;1750.52
795.29;1710.81
795.38;1497.26
795.47;1623.37
795.56;1439.55
795.65;1446.01
795.74;1465.83
795.83;1447.98
795.92;1316.86
796.01;1302.69
796.1;1265.99
796.19;1263.00
796.28;1244.01
796.37;1238.09
796.46;1237.92
796.55;1194.28
796.64;1261.52
796.73;1190.60
796.82;1098.68
796.91;1211.95
797;1239.61
797.09;1088.77
797.18;1167.13
797.27;1144.37
797.36;1154.43
797.45;1141.97
797.54;1084.04
797.63;1140.15
797.72;1078.40
797.81;1071.91
797.9;1070.84
797.99;1081.42
798.08;1108.06
798.17;1102.14
798.26;1025.59
798.35;978.95
798.44;1012.25
798.53;1036.56
798.62;1033.94
798.71;1035.18
798.8;1027.34
798.89;1020.62
798.98;1027.50
799.07;1026.33
799.15;985.78
799.24;996.43
799.33;978.13
799.42;979.05
799.51;956.86
799.6;980.78
799.69;962.20
799.78;936.39
799.87;977.65
799.96;978.44
800.05;939.16
800.14;905.49
800.23;894.40
800.31;979.51
800.4;950.43
800.49;927.88
800.58;937.95
800.67;936.12
800.76;956.18
800.85;965.64
800.94;948.59
801.03;936.03
801.12;936.70
801.2;934.41
801.29;930.11
801.38;917.08
801.47;885.29
801.56;898.32
801.65;944.79
801.74;862.63
801.83;915.35
801.91;919.50
802;949.48
802.09;938.87
802.18;847.92
802.27;849.85
802.36;844.09
802.45;879.97
802.53;923.11
802.62;931.43
802.71;850.18
802.8;815.92
802.89;900.24
802.98;947.16
803.06;906.47
803.15;890.93
803.24;918.88
803.33;880.80
803.42;890.43
803.51;899.26
803.59;947.60
803.68;885.58
803.77;885.04
803.86;846.46
803.95;832.15
804.04;830.05
804.12;852.88
804.21;865.13
804.3;840.79
804.39;863.12
804.48;828.51
804.56;847.39
804.65;842.95
804.74;897.56
804.83;808.60
804.92;891.96
805;890.04
805.09;902.01
805.18;831.19
805.27;970.80
805.35;729.62
805.44;746.21
805.53;839.97
805.62;906.85
805.71;824.68
805.79;865.20
805.88;833.18
805.97;830.88
806.06;819.33
806.14;817.59
806.23;828.60
806.32;826.48
806.41;794.26
806.49;877.95
806.58;851.22
806.67;804.87
806.76;840.51
806.84;838.98
806.93;834.14
807.02;835.76
807.11;846.69
807.19;853.54
807.28;851.26
807.37;847.94
807.45;843.90
807.54;845.07
807.63;859.11
807.72;848.14
807.8;787.37
807.89;903.83
807.98;826.57
808.07;830.67
808.15;830.50
808.24;829.60
808.33;829.32
808.41;820.67
808.5;793.99
808.59;823.33
808.67;837.96
808.76;808.76
808.85;842.95
808.93;825.19
809.02;766.03
809.11;758.27
809.19;861.94
809.28;918.07
809.37;854.84
809.46;815.38
809.54;833.18
809.63;847.41
809.72;870.68
809.8;884.58
809.89;860.16
809.97;857.67
810.06;905.98
810.15;929.12
810.23;898.21
810.32;876.64
810.41;879.24
810.49;856.00
810.58;791.00
810.67;1040.00
