H(1);434.0462;0.0253;105291.6587;0
H(1);486.1279;0.1719;102823.8942;1.5
H(1);486.1287;0.0967;102823.8943;1.5
H(1);486.1362;0.2063;102823.9095;1.5
H(1);656.2711;0.5388;97492.3195;1.5
H(1);656.2725;0.2245;97492.3196;1.5
H(1);656.2852;0.6465;97492.3556;2.5
H(1);1281.807;0.022;105291.6587;0
H(1);1875.101;0.0899;102823.9002;0
He(1);2058.1287;0.0197;171134.897;1
He(2);468.5377;0.939;411477.8537;1.5
He(2);468.5407;0.491;411477.855;1.5
He(2);468.5704;2.06;411478.0973;2.5
He(2);468.5704;1.126;411478.0978;2.5
He(2);468.5804;2.207;411478.2193;3.5
Li(1);460.2831;0.223;36623.297;1.5
Li(1);460.2898;0.223;36623.312;2.5
Li(1);610.3542;0.686;31283.018;1.5
Li(1);610.3654;0.686;31283.053;2.5
Li(1);670.7775;0.369;14903.957;1.5
Li(1);670.7926;0.369;14903.622;0.5
Li(1);812.6232;0.349;27206.066;0.5
Li(1);812.6453;0.349;27206.066;0.5
Li(1);2687.767;0.038;30925.613;1.5
Li(1);2687.836;0.038;30925.517;0.5
Li(2);548.356;0.228;494265.57;0
Li(2);548.45;0.228;494262.48;2
Li(2);548.511;0.228;494260.32;1
Li(2);958.142;0.0518;501807.59;1
Be(1);234.861;5.53;42565.35;1
Be(1);249.4728;1.6;62053.72;3
Be(1);265.0454;4.24;59697.08;2
Be(1);265.055;4.24;59695.07;1
Be(1);265.0613;4.24;59695.07;1
Be(1);265.0619;4.24;59697.08;2
Be(1);265.0694;4.24;59693.65;0
Be(1);265.076;4.24;59695.07;1
Be(1);332.134;NaN;52080.94;1
Be(1);457.2664;0.79;64428.31;2
Be(1);825.407;NaN;54677.26;0
Be(2);313.0422;1.13;31935.32;1.5
Be(2);313.1067;1.13;31928.744;0.5
Be(2);436.0663;0.92;119421.18;1.5
Be(2);436.0988;1.1;119421.42;2.5
Be(2);467.3329;NaN;119446.59;2.5
Be(2);467.3423;NaN;119446.71;3.5
Be(2);527.0811;0.66;115464.38;0.5
B(1);208.8889;0.361;47857.127;1.5
B(1);208.957;0.432;47856.807;2.5
B(1);249.6769;0.837;40039.695;0.5
B(1);249.7722;1.67;40039.695;0.5
B(1);1166.0028;NaN;48613.655;1.5
B(1);1166.2452;NaN;48611.872;0.5
B(2);239.5048;NaN;144103.17;1
B(2);345.1303;0.54;102362.77;2
C(1);247.8561;0.34;61981.82;1
C(1);833.515;0.351;73975.91;0
C(1);940.573;0.291;72610.73;2
C(1);1175.332;0.263;78249.93;4
C(1);1175.476;0.24;78215.5;3
C(2);283.671;0.398;131735.52;1.5
C(2);283.7603;0.397;131724.37;0.5
C(2);391.8978;0.636;157234.07;0.5
C(2);392.0693;1.27;157234.07;0.5
C(2);426.7003;2.23;168978.34;2.5
C(2);426.7258;2.38;168978.34;3.5
C(2);657.805;0.363;131735.52;1.5
C(2);723.132;0.352;145549.27;1.5
C(2);723.642;0.422;145550.7;2.5
N(1);744.229;0.124;96750.84;1.5
N(1);746.831;0.193;96750.84;1.5
N(1);868.028;0.246;94881.82;3.5
N(1);868.34;0.18;94830.89;2.5
N(1);1246.962;0.228;104881.35;3.5
N(1);1358.133;0.0639;93581.55;0.5
N(2);399.5;1.35;174212.03;2
N(2);444.703;1.14;187091.37;2
N(2);463.054;0.772;170666.23;2
N(2);500.515;1.16;186652.49;4
N(2);567.956;0.525;166678.64;3
N(2);594.165;0.554;187491.9;3
N(2);648.205;0.301;164610.76;1
N(2);661.056;0.634;189335.16;3
O(1);777.194;0.369;86631.454;3
O(1);777.417;0.369;86627.778;2
O(1);777.539;0.369;86625.757;1
O(1);844.625;0.322;88631.303;0
O(1);844.636;0.322;88631.146;2
O(1);844.676;0.322;88630.587;1
O(1);926.601;0.445;97420.63;4
O(1);1316.389;0.0714;96225.049;1
O(1);1316.485;0.119;96225.049;1
O(2);313.472;1.23;238893.96;2.5
O(2);391.1957;1.09;232527.09;1.5
O(2);397.3256;1.02;214229.671;1.5
O(2);407.5862;1.98;231530.246;4.5
O(2);441.4905;0.847;211712.732;2.5
O(2);464.181;0.585;206877.865;2.5
O(2);464.9135;0.784;207002.482;3.5
Ne(1);352.0471;0.093;164285.8872;0
Ne(1);540.0562;0.009;152970.7328;0
Ne(1);585.2488;0.682;152970.7328;0
Ne(1);602.9997;0.0561;151038.4524;1
Ne(1);607.4338;0.603;150917.4307;0
Ne(1);614.3063;0.282;150315.8612;2
Ne(1);616.3594;0.146;151038.4524;1
Ne(1);621.7281;0.0637;150121.5922;1
Ne(1);626.6495;0.249;150772.1118;1
Ne(1);638.2992;0.321;150121.5922;1
Ne(1);640.2248;0.514;149657.0393;3
Ne(1);650.6528;0.3;149824.2215;2
Ne(1);659.8953;0.232;151038.4524;1
Ne(1);692.9467;0.174;150315.8612;2
Ne(1);703.2413;0.253;148257.7898;1
Ne(1);717.3938;0.0287;149824.2215;2
Ne(1);724.5167;0.0935;148257.7879;1
Ne(1);837.7608;0.51;161590.3412;4
Ne(1);865.4383;0.445;162410.1736;3
Ne(1);878.0623;NaN;161701.4486;3
Ne(1);878.3753;0.313;162419.9818;2
Ne(1);1114.302;NaN;158795.9924;1
Ne(1);1117.7524;NaN;158601.1152;2
Ne(1);1152.2746;NaN;159534.6196;1
Ne(2);302.7016;1.4;279218.66;2.5
Ne(2);302.8864;0.47;252953.54;1.5
Ne(2);319.8586;1.7;280700.77;3.5
Ne(2);332.3745;1.6;254165.01;1.5
Ne(2);337.8216;1.7;254292.19;0.5
Ne(2);376.6259;0.29;246192.45;2.5
Ne(2);377.7133;0.42;246415.04;1.5
Na(1);285.281;0.00554;35042.85;1.5
Na(1);285.301;0.00554;35040.38;0.5
Na(1);330.237;0.0281;30272.58;1.5
Na(1);330.298;0.0281;30266.99;0.5
Na(1);588.995;0.616;16973.368;1.5
Na(1);589.5924;0.614;16956.172;0.5
Na(1);818.3256;0.453;29172.889;1.5
Na(1);819.4824;0.54;29172.839;2.5
Na(1);1138.145;0.09;25739.991;0.5
Na(1);1140.378;0.176;25739.991;0.5
Na(1);1846.525;0.14;34586.92;3.5
Na(2);309.273;NaN;297248.82;3
Na(2);328.56;NaN;299189.96;2
Mg(1);202.5824;0.612;49346.729;1
Mg(1);277.982;1.31;57833.4;1
Mg(1);277.9834;3.92;57873.94;2
Mg(1);285.2125;5;35051.264;1
Mg(1);382.9355;0.94;47957.058;1
Mg(1);383.23;1.27;47957.027;2
Mg(1);383.8292;1.68;47957.045;3
Mg(1);516.7322;0.116;41197.403;1
Mg(1);517.2684;0.346;41197.403;1
Mg(1);518.3604;0.575;41197.403;1
Mg(1);1182.817;0.26;43503.333;0
Mg(1);1502.5;0.139;47851.162;2
Mg(2);279.0777;4;71491.06;1.5
Mg(2);279.553;2.6;35760.88;1.5
Mg(2);279.7998;4.8;71490.19;2.5
Mg(2);280.2706;2.6;35669.31;0.5
Mg(2);448.1126;2.23;93799.75;3.5
Mg(2);448.1325;2.08;93799.63;2.5
Al(1);226.9096;0.691;44168.847;2.5
Al(1);236.7052;0.628;42233.742;1.5
Al(1);237.3124;0.748;42237.783;2.5
Al(1);257.5094;0.226;38933.968;2.5
Al(1);308.2153;0.622;32435.453;1.5
Al(1);309.271;0.738;32436.796;2.5
Al(1);309.2839;0.123;32435.453;1.5
Al(1);394.4006;0.498;25347.756;0.5
Al(1);396.152;0.982;25347.756;0.5
Al(2);281.6185;3.83;95350.6;0
Al(2);466.3056;0.53;106920.56;1
Al(2);624.336;1.1;121483.5;3
Si(1);205.8132;NaN;54871.027;1
Si(1);220.7978;0.262;45293.623;2
Si(1);221.0894;0.345;45293.623;2
Si(1);221.1744;0.181;45276.187;1
Si(1);221.6669;0.454;45321.848;3
Si(1);221.8057;0.109;45293.623;2
Si(1);250.6897;0.547;39955.051;2
Si(1);251.4316;0.74;39760.285;1
Si(1);251.6112;1.68;39955.051;2
Si(1);251.9202;0.549;39760.285;1
Si(1);252.4108;2.22;39683.158;0
Si(1);252.8509;0.904;39760.285;1
Si(1);288.1577;1.89;40991.888;1
Si(1);594.8545;0.022;57798.08;2
Si(1);728.9173;NaN;59037.043;4
Si(1);740.5774;0.037;58775.442;2
Si(1);742.3497;NaN;58788.878;4
Si(1);1198.4201;NaN;48102.321;2
Si(1);1203.1503;NaN;48264.29;3
Si(2);385.6017;NaN;81251.32;1.5
Si(2);412.8067;NaN;103556.16;2.5
Si(2);413.0893;NaN;103556.03;3.5
Si(2);504.1026;0.98;101023.05;1.5
Si(2);505.5981;1.26;101024.35;2.5
Si(2);566.9562;0.5;132162.29;3.5
Si(2);634.7103;0.66;81251.32;1.5
Si(2);637.1359;0.77;81191.34;0.5
P(1);213.5465;0.211;58174.366;1.5
P(1);213.6182;2.83;58174.366;1.5
P(1);214.9145;3.18;57876.574;0.5
P(1);215.294;0.485;65156.242;1.5
P(1);215.408;0.58;65157.126;2.5
P(1);253.3987;0.2;58174.366;1.5
P(1);253.3606;0.95;58174.366;1.5
P(1);255.3253;0.71;57876.574;0.5
P(1);952.573;0.18;66834.648;1.5
P(1);954.518;NaN;66813.271;1.5
P(1);956.3439;NaN;66544.243;2.5
P(1);973.475;NaN;66360.282;1.5
P(1);975.077;0.24;66343.438;0.5
P(1);979.685;0.21;66544.243;2.5
P(2);458.804;1.7;125128.87;3
P(2);458.986;1.6;124946.73;2
P(2);460.208;1.9;125391.13;4
P(2);602.418;0.51;103339.14;2
P(2);604.312;0.68;103667.86;3
P(2);645.999;NaN;103667.86;3
P(2);650.346;NaN;103339.14;2
P(2);650.797;NaN;103165.61;1
S(1);921.2865;0.3;63475.051;3
S(1);922.8092;0.28;63457.142;2
S(1);923.7538;0.28;63446.065;1
S(1);1045.5451;0.22;64892.582;2
S(1);1045.6757;0.22;64891.386;0
S(1);1045.9406;0.22;64888.964;1
S(2);542.8667;0.42;127976.34;1.5
S(2);543.2815;0.68;128233.2;2.5
S(2);545.3828;0.85;128599.16;3.5
S(2);547.362;0.73;127825.08;0.5
S(2);550.9718;0.4;127976.34;1.5
S(2);560.6151;0.54;128599.16;3.5
S(2);563.9972;0.66;131187.19;2.5
S(2);757.8909;NaN;140319.23;3.5
S(2);762.974;NaN;140230.1;2.5
S(2);796.7371;0.08;125485.29;0.5
S(2);831.4594;0.16;125485.29;0.5
Cl(1);754.7072;0.12;85735.091;1.5
Cl(1);774.497;0.063;85735.091;1.5
Cl(1);821.2038;NaN;84132.262;2.5
Cl(1);822.1742;NaN;84648.1;2.5
Cl(1);833.3307;NaN;84485.309;1.5
Cl(1);837.594;NaN;83894.037;3.5
Cl(1);842.8254;NaN;84688.637;0.5
Cl(1);857.524;NaN;84485.309;1.5
Cl(1);858.597;NaN;84132.262;2.5
Cl(2);385.0991;1.8;154623.57;3
Cl(2);385.1373;1.6;154620.97;2
Cl(2);386.083;NaN;154624.66;4
Cl(2);413.2498;1.6;153258.61;2
Cl(2);479.455;1.04;128730.82;3
Cl(2);481.006;0.99;128663.57;2
Cl(2);489.677;NaN;147200.24;4
Cl(2);490.4776;0.81;147127.57;3
Cl(2);491.7731;0.75;147055.61;2
Cl(2);507.8264;0.77;146470.64;3
Cl(2);521.794;NaN;131768.66;2
Cl(2);522.1355;NaN;131756.12;1
Cl(2);539.2119;1;147607.37;3
Cl(2);542.323;NaN;128730.82;3
Cl(2);544.337;NaN;128663.57;2
Ar(1);696.5431;0.067;107496.4219;1
Ar(1);706.7218;0.0395;107289.7054;2
Ar(1);750.3869;0.472;108722.6247;0
Ar(1);763.5106;0.274;106237.5571;2
Ar(1);794.8176;0.196;107131.7139;1
Ar(1);800.6157;0.049;106237.5571;2
Ar(1);801.4786;0.0928;105617.2753;2
Ar(1);810.3693;0.25;106087.2651;1
Ar(1);811.5311;0.331;105462.7649;3
Ar(1);912.2967;0.189;104102.1043;1
Ar(1);965.7786;0.0543;104102.1043;1
Ar(2);427.7528;0.8;172213.88;1.5
Ar(2);434.8064;1.17;157234.02;3.5
Ar(2);460.9567;0.789;170530.4041;3.5
Ar(2);472.6868;0.588;159393.385;1.5
Ar(2);476.4865;0.64;160239.428;1.5
Ar(2);480.602;0.78;155043.1622;2.5
Ar(2);487.9864;0.823;158730.2997;2.5
K(1);404.414;0.0116;24720.139;1.5
K(1);404.721;0.0107;24701.382;0.5
K(1);766.4899;0.379;13042.876;1.5
K(1);769.8965;0.374;12985.17;0.5
K(1);1169.021;0.22;21536.988;1.5
K(1);1176.962;0.0434;21536.988;1.5
K(1);1177.283;0.259;21534.68;2.5
Ca(1);272.1645;0.0027;36731.615;1
Ca(1);422.6727;2.2;23652.304;1
Ca(1);442.5441;0.498;37748.197;1
Ca(1);443.496;0.67;37751.867;2
Ca(1);443.5688;0.342;37748.197;1
Ca(1);445.4781;0.87;37757.449;3
Ca(1);445.5887;0.2;37751.867;2
Ca(1);445.6605;NaN;37748.197;1
Ca(1);558.8757;0.49;38259.124;3
Ca(1);610.2722;0.096;31539.495;1
Ca(1);612.2219;0.287;31539.495;1
Ca(1);616.2172;0.354;31539.495;1
Ca(1);643.9073;0.53;35896.889;4
Ca(1);646.2566;0.47;35818.713;3
Ca(1);649.378;0.44;35730.454;2
Ca(1);657.2777;NaN;15210.063;1
Ca(2);315.8869;3.1;56839.25;1.5
Ca(2);317.9332;3.6;56858.46;2.5
Ca(2);370.6026;0.88;52166.93;0.5
Ca(2);373.6901;1.7;52166.93;0.5
Ca(2);393.3661;1.35;25414.4;1.5
Ca(2);396.8467;1.32;25191.51;0.5
Ca(2);854.2089;NaN;25414.4;1.5
Ca(2);866.214;NaN;25191.51;0.5
Sc(1);326.9897;3.13;30573.17;0.5
Sc(1);327.3628;2.81;30706.66;1.5
Sc(1);390.7484;1.66;25584.64;2.5
Sc(1);391.1812;1.79;25724.68;3.5
Sc(1);393.3375;0.162;25584.64;2.5
Sc(1);399.6601;0.165;25014.21;2.5
Sc(1);402.0387;1.63;24866.17;2.5
Sc(1);402.3678;1.65;25014.21;2.5
Sc(1);405.4544;0.441;24656.72;0.5
Sc(1);408.2387;0.41;24656.88;1.5
Sc(2);335.3724;1.51;32349.98;3
Sc(2);337.215;0.99;29823.93;2
Sc(2);357.253;1.38;28161.17;3
Sc(2);357.634;1.06;28021.29;2
Sc(2);358.0928;1.23;27917.78;1
Sc(2);361.3831;1.48;27841.35;4
Sc(2);363.0742;1.2;27602.45;3
Sc(2);364.2782;1.13;27443.71;2
Sc(2);424.682;1.29;26081.34;2
Ti(1);363.5462;0.909;27498.983;3
Ti(1);364.2674;0.895;27614.678;4
Ti(1);365.3495;0.869;27750.136;5
Ti(1);375.2858;0.581;27025.658;4
Ti(1);394.867;0.56;25317.815;1
Ti(1);395.6334;0.346;25438.906;2
Ti(1);395.8201;0.488;25643.699;3
Ti(1);398.1761;0.442;25107.41;2
Ti(1);398.9758;0.448;25227.22;3
Ti(1);399.8636;0.481;25388.331;4
Ti(1);430.5907;NaN;30060.338;4
Ti(1);498.173;0.66;26910.712;6
Ti(1);499.1066;0.584;26772.969;5
Ti(1);500.7206;0.492;26564.398;3
Ti(1);501.4186;0.0611;19937.852;1
Ti(1);506.4651;0.0437;20126.06;3
Ti(1);521.0384;0.0411;19573.973;4
Ti(2);307.8651;1.34;32697.99;2.5
Ti(2);308.8042;1.5;32767.07;3.5
Ti(2);323.4513;1.71;31301.01;4.5
Ti(2);323.6581;1.37;31113.65;3.5
Ti(2);323.9038;1.26;30958.5;2.5
Ti(2);334.9029;NaN;34748.4;4.5
Ti(2);334.9405;1.68;30240.88;10.5
Ti(2);336.1227;1.58;29968.3;4.5
Ti(2);337.2798;1.41;29734.54;3.5
Ti(2);338.3769;1.39;29544.37;2.5
Ti(2);368.5205;NaN;31756.51;1.5
Ti(2);375.93;0.94;31490.82;3.5
Ti(2);376.1326;0.99;31207.42;2.5
V(1);318.3412;2.4;31541.147;3.5
V(1);318.3992;2.5;31721.708;4.5
V(1);318.5385;2.8;31927.266;10.5
V(1);370.3574;0.92;29418.073;3.5
V(1);385.5845;0.578;26480.291;3.5
V(1);390.2256;0.268;26171.916;4.5
V(1);411.178;1.01;26738.318;4.5
V(1);411.518;0.58;26604.796;3.5
V(1);412.8064;0.77;26437.64;1.5
V(1);413.1989;0.55;26505.932;2.5
V(1);437.923;1.1;25253.432;10.5
V(1);438.471;1.1;25111.467;4.5
V(1);438.998;0.69;24992.884;3.5
V(1);439.5223;0.55;24898.771;2.5
V(1);440.8195;0.6;24898.771;2.5
V(1);440.8501;NaN;24830.228;1.5
V(1);609.0208;0.26;25131.005;2.5
V(2);268.7954;0.767;37531.08;4
V(2);270.0937;0.345;37352.45;5
V(2);289.3307;1.1;37520.57;3
V(2);290.881;1.54;37531.08;4
V(2);292.4017;1.73;37352.45;5
V(2);292.463;1.21;37150.51;4
V(2);309.3102;2.1;35483.39;6
V(2);310.2292;1.77;35193.13;5
V(2);311.0709;1.68;34946.55;4
V(2);311.8376;1.54;34745.72;3
V(2);312.5282;1.51;34592.75;2
V(2);319.0686;0.33;40430.04;4
V(2);327.613;0.52;39612.96;5
Cr(1);357.8682;1.48;27935.26;4
Cr(1);359.3481;1.5;27820.23;3
Cr(1);360.532;1.62;27728.87;2
Cr(1);425.4331;0.315;23498.84;4
Cr(1);427.4806;0.307;23386.35;3
Cr(1);428.9733;0.316;23305.01;2
Cr(1);520.4505;0.509;26801.93;1
Cr(1);520.6021;0.514;26796.28;2
Cr(1);520.8415;0.506;26787.5;3
Cr(2);205.559;1.2;48632.12;3.5
Cr(2);206.154;1.2;48491.1;2.5
Cr(2);206.546;1.2;48398.95;1.5
Cr(2);267.719;NaN;49838.38;4.5
Cr(2);276.258;NaN;48491.1;2.5
Cr(2);276.655;NaN;48632.12;3.5
Cr(2);283.563;2;47751.62;10.5
Cr(2);284.324;0.64;47464.55;4.5
Cr(2);284.983;0.92;47227.24;3.5
Cr(2);285.567;NaN;47040.35;2.5
Cr(2);286.257;0.63;47227.24;3.5
Cr(2);286.51;NaN;47040.35;2.5
Mn(1);200.3849;0.76;49888.01;3.5
Mn(1);279.4817;3.7;35769.97;3.5
Mn(1);279.827;3.6;35725.85;2.5
Mn(1);280.1084;3.7;35689.98;1.5
Mn(1);380.6715;0.59;43314.23;10.5
Mn(1);403.0755;0.17;24802.25;3.5
Mn(1);403.3068;0.165;24788.05;2.5
Mn(1);403.4485;0.158;24779.32;1.5
Mn(1);404.1357;0.787;41789.48;4.5
Mn(2);257.6103;2.82;38806.67;4
Mn(2);259.372;2.77;38543.08;3
Mn(2);260.568;2.72;38366.18;2
Mn(2);293.3054;1.94;43557.14;1
Mn(2);293.9308;1.95;43484.64;2
Mn(2);294.9205;1.94;43370.51;3
Mn(2);344.1985;0.36;43370.51;3
Fe(1);248.3271;4.81;40257.311;5
Fe(1);248.8143;4.2;40594.429;4
Fe(1);249.0644;3.45;40842.151;3
Fe(1);252.2849;2.13;39625.801;4
Fe(1);271.9027;1.42;36766.964;3
Fe(1);278.8105;0.59;42784.349;6
Fe(1);344.0606;0.171;29056.322;3
Fe(1);358.1193;1.02;34843.955;6
Fe(1);371.9935;0.162;26874.548;5
Fe(1);373.4864;0.902;33695.395;5
Fe(1);373.7132;0.141;27166.818;4
Fe(1);374.5561;0.115;27394.689;3
Fe(1);374.8262;0.0914;27559.581;2
Fe(1);374.9485;0.764;34039.514;4
Fe(1);375.8233;0.634;34328.75;3
Fe(1);382.0425;0.668;33095.939;4
Fe(1);385.9911;0.0969;25899.987;4
Fe(1);388.6282;0.053;26140.177;3
Fe(1);404.5812;0.863;36686.174;4
Fe(1);438.3545;0.5;34782.419;5
Fe(2);234.3495;1.73;42658.224;3.5
Fe(2);238.2038;3.13;41968.046;10.5
Fe(2);239.5625;2.67;42114.818;4.5
Fe(2);240.4886;2.05;42237.033;3.5
Fe(2);249.3264;3.4;61347.614;12.5
Fe(2);258.5876;0.861;38660.043;3.5
Fe(2);259.8369;1.42;38858.958;2.5
Fe(2);259.9396;2.36;38458.981;4.5
Fe(2);260.7087;1.74;39013.206;1.5
Fe(2);261.1874;1.23;39660.043;3.5
Fe(2);273.9547;1.9;44446.878;3.5
Fe(2);274.9322;2.1;44753.799;3.5
Fe(2);275.5736;2.1;44232.512;4.5
Co(1);240.7256;3.6;41528.455;10.5
Co(1);241.1624;NaN;42269.229;4.5
Co(1);242.4935;3.2;41225.71;4.5
Co(1);252.1365;3;39649.124;3.5
Co(1);340.5118;1;32841.916;4.5
Co(1);344.3645;0.69;33173.313;3.5
Co(1);345.351;1.1;32430.535;10.5
Co(1);347.3974;0.0299;28777.236;3.5
Co(1);347.4042;0.56;33466.823;3.5
Co(1);350.228;0.8;32027.44;3.5
Co(1);352.685;0.137;28345.814;4.5
Co(1);352.9808;0.46;32464.688;4.5
Co(1);356.9376;1.6;35450.505;3.5
Co(2);228.6159;3.3;47078.491;6
Co(2);230.786;2.6;47345.842;5
Co(2);231.1604;2.8;47807.49;4
Co(2);231.4056;2.8;48150.937;3
Co(2);234.7399;NaN;47537.362;2
Co(2);235.3422;1.8;47039.102;3
Co(2);236.38;2.1;46320.829;4
Co(2);237.8626;1.9;45378.751;4
Co(2);238.3459;1.8;45972.033;3
Co(2);238.637;NaN;46452.697;2
Co(2);238.8917;1.5;45197.708;5
Ni(1);231.0961;NaN;43258.726;4
Ni(1);232.0034;6.94;43089.578;5
Ni(1);234.5543;2.23;42620.994;3
Ni(1);300.2485;0.903;33500.822;3
Ni(1);301.2001;1.3;36600.791;2
Ni(1);305.0816;0.604;32973.376;4
Ni(1);310.1557;0.699;33112.334;3
Ni(1);313.4104;0.749;33610.89;2
Ni(1);341.4764;0.615;29480.989;4
Ni(1);344.6259;0.455;29888.477;2
Ni(1);345.846;0.667;30619.414;2
Ni(1);346.1652;0.278;29084.456;4
Ni(1);349.2956;1.02;29500.674;1
Ni(1);351.5052;0.474;29320.762;3
Ni(1);352.4536;1.09;28569.203;2
Ni(1);356.6372;0.56;31441.635;2
Ni(1);361.9391;0.66;31031.02;3
Ni(2);216.5553;2.36;54557.05;4.5
Ni(2);217.4666;1.56;55299.65;4.5
Ni(2);218.5504;NaN;70778.12;3.5
Ni(2);219.209;NaN;98969.44;10.5
Ni(2);220.5548;NaN;98822.55;11.5
Ni(2);220.6715;1.52;55417.83;3.5
Ni(2);221.6482;3.57;53496.49;10.5
Ni(2);227.0214;1.61;53365.17;4.5
Ni(2);231.6039;2.9;51557.85;3.5
Cu(1);216.509;0.547;46172.842;1.5
Cu(1);217.894;0.913;45879.311;1.5
Cu(1);218.172;0.994;45821;0.5
Cu(1);222.57;0.444;44915.61;0.5
Cu(1);223.008;NaN;56029.95;3.5
Cu(1);224.426;0.0185;44544.153;1.5
Cu(1);244.164;0.0201;40943.73;0.5
Cu(1);249.215;0.0279;40113.99;1.5
Cu(1);324.754;1.37;30783.686;1.5
Cu(1);327.396;1.36;30535.302;0.5
Cu(1);510.554;0.02;30783.686;1.5
Cu(1);515.324;0.6;49935.2;1.5
Cu(1);521.82;0.75;49942.057;2.5
Cu(2);203.5854;NaN;73102.038;1
Cu(2);203.7127;1.41;71920.102;3
Cu(2);204.3802;NaN;70841.47;3
Cu(2);213.5981;3.33;68730.893;4
Cu(2);219.2268;2.54;68447.741;3
Cu(2);221.8108;NaN;67916.555;1
Cu(2);224.7002;3.27;66418.687;2
Zn(1);213.8574;7.14;46745.404;1
Zn(1);280.0864;NaN;68583.083;3
Zn(1);280.105;NaN;68580.705;2
Zn(1);307.5897;0.000375;32501.399;1
Zn(1);328.2326;0.9;62768.747;1
Zn(1);330.2583;1.2;62772.014;2
Zn(1);330.294;0.67;62768.747;1
Zn(1);334.5013;1.7;62776.981;3
Zn(1);334.5569;0.4;62772.014;2
Zn(1);334.5935;0.045;62768.747;1
Zn(1);468.0136;NaN;53672.24;1
Zn(1);472.2157;NaN;53672.24;1
Zn(1);481.0532;NaN;53672.24;1
Zn(1);636.2346;0.474;62458.533;2
Zn(2);202.5484;4.07;49355.003;1.5
Zn(2);206.2001;3.86;48481.077;0.5
Zn(2);206.4227;4.6;96909.893;1.5
Zn(2);209.9927;5.6;96960.588;2.5
Zn(2);250.1994;NaN;88437.149;0.5
Zn(2);255.7946;NaN;88437.149;0.5
Zn(2);491.1627;1.6;117264.063;2.5
Zn(2);492.4013;NaN;117263.558;3.5
